Mean: 50.3573404295882
Variance: 796.059797417585
Mode: 29.4701744923368
Sum: 5035.73404295882

